WAM:
0.0000,0.0001,0.0044,0.0028,0.0002,0.2629,0.3797,0.0077,0.0001,0.2495
0.0001,0.0000,0.0000,0.0000,0.3223,0.0003,0.0002,0.0000,0.4954,0.0003
0.0044,0.0000,0.0000,0.6264,0.0001,0.0059,0.0048,0.4736,0.0000,0.0068
0.0028,0.0000,0.6264,0.0000,0.0000,0.0038,0.0030,0.3235,0.0000,0.0044
0.0002,0.3223,0.0001,0.0000,0.0000,0.0008,0.0006,0.0001,0.4281,0.0008
0.2629,0.0003,0.0059,0.0038,0.0008,0.0000,0.6590,0.0115,0.0004,0.8603
0.3797,0.0002,0.0048,0.0030,0.0006,0.6590,0.0000,0.0090,0.0003,0.5897
0.0077,0.0000,0.4736,0.3235,0.0001,0.0115,0.0090,0.0000,0.0000,0.0133
0.0001,0.4954,0.0000,0.0000,0.4281,0.0004,0.0003,0.0000,0.0000,0.0003
0.2495,0.0003,0.0068,0.0044,0.0008,0.8603,0.5897,0.0133,0.0003,0.0000

DDG:
0.9075,0.0000,0.0000,0.0000,0.0000,0.0000,0.0000,0.0000,0.0000,0.0000
0.0000,0.8186,0.0000,0.0000,0.0000,0.0000,0.0000,0.0000,0.0000,0.0000
0.0000,0.0000,1.1221,0.0000,0.0000,0.0000,0.0000,0.0000,0.0000,0.0000
0.0000,0.0000,0.0000,0.9640,0.0000,0.0000,0.0000,0.0000,0.0000,0.0000
0.0000,0.0000,0.0000,0.0000,0.7530,0.0000,0.0000,0.0000,0.0000,0.0000
0.0000,0.0000,0.0000,0.0000,0.0000,1.8048,0.0000,0.0000,0.0000,0.0000
0.0000,0.0000,0.0000,0.0000,0.0000,0.0000,1.6463,0.0000,0.0000,0.0000
0.0000,0.0000,0.0000,0.0000,0.0000,0.0000,0.0000,0.8388,0.0000,0.0000
0.0000,0.0000,0.0000,0.0000,0.0000,0.0000,0.0000,0.0000,0.9247,0.0000
0.0000,0.0000,0.0000,0.0000,0.0000,0.0000,0.0000,0.0000,0.0000,1.7255

Normed Laplacian:
1.0000,-0.0001,-0.0044,-0.0030,-0.0003,-0.2055,-0.3107,-0.0088,-0.0001,-0.1994
-0.0001,1.0000,0.0000,0.0000,-0.4105,-0.0002,-0.0002,-0.0001,-0.5694,-0.0002
-0.0044,0.0000,1.0000,-0.6023,-0.0001,-0.0042,-0.0035,-0.4881,0.0000,-0.0049
-0.0030,0.0000,-0.6023,1.0000,0.0000,-0.0029,-0.0024,-0.3597,0.0000,-0.0034
-0.0003,-0.4105,-0.0001,0.0000,1.0000,-0.0007,-0.0005,-0.0001,-0.5131,-0.0007
-0.2055,-0.0002,-0.0042,-0.0029,-0.0007,1.0000,-0.3823,-0.0093,-0.0003,-0.4875
-0.3107,-0.0002,-0.0035,-0.0024,-0.0005,-0.3823,1.0000,-0.0077,-0.0002,-0.3499
-0.0088,-0.0001,-0.4881,-0.3597,-0.0001,-0.0093,-0.0077,1.0000,-0.0001,-0.0111
-0.0001,-0.5694,0.0000,0.0000,-0.5131,-0.0003,-0.0002,-0.0001,1.0000,-0.0003
-0.1994,-0.0002,-0.0049,-0.0034,-0.0007,-0.4875,-0.3499,-0.0111,-0.0003,1.0000

Jacobi (on Laplacian):
eigenvalues:
1.1206,1.5927,1.6270,0.0393,1.4055,1.4905,1.3756,1.3466,0.0023,0.0000

V (Rows are eigenvectors):
0.8254,0.0003,-0.0008,-0.0015,-0.0002,-0.3650,0.1739,0.0004,0.0002,-0.3940
0.0000,0.5437,-0.0001,0.0001,0.3015,-0.0001,0.0000,0.0000,-0.7833,-0.0001
0.0006,0.0001,0.7665,-0.5873,0.0001,0.0002,-0.0001,-0.2599,-0.0001,0.0015
-0.2203,0.0079,0.5101,0.4760,0.0073,-0.3142,-0.3011,0.4264,0.0084,-0.3056
0.0000,-0.6133,0.0000,0.0003,0.7798,-0.0004,0.0002,-0.0004,-0.1256,-0.0005
0.0429,0.0000,0.0004,-0.0024,0.0000,0.7407,-0.1362,0.0035,0.0000,-0.6565
-0.4102,0.0002,-0.0060,-0.0275,-0.0003,-0.1453,0.8232,0.0412,0.0001,-0.3612
0.0162,-0.0003,-0.1583,-0.5643,0.0004,0.0005,-0.0448,0.8087,-0.0001,0.0171
-0.1446,0.5070,-0.1723,-0.1597,0.4853,-0.2036,-0.1946,-0.1487,0.5388,-0.1991
0.2808,0.2667,0.3123,0.2895,0.2558,0.3961,0.3783,0.2700,0.2835,0.3873


Kmeans final centroids (C code):
0.7274,-0.3742,-0.5752
0.4658,0.8848,0.0136
0.5048,-0.2783,0.8171